NAMES=EUR,SEA,SIB,FAM
N=66,44,44,28
MAX_M=10
TOTAL_SITES=2170616682
1,0,0,0 1525898
0,1,0,0 1075097
0,0,1,0 818979
0,0,0,1 433157
2,0,0,0 315625
0,0,2,0 171047
0,2,0,0 149227
3,0,0,0 135865
1,0,1,0 107164
4,0,0,0 76450
0,1,1,0 68842
0,0,3,0 63233
2,0,1,0 57366
0,0,0,2 51870
0,3,0,0 47600
5,0,0,0 43511
1,0,2,0 39676
3,0,1,0 35615
1,1,0,0 34449
0,0,4,0 32665
0,1,2,0 31971
0,2,1,0 27820
6,0,0,0 27542
1,0,0,1 24433
2,0,2,0 23950
4,0,1,0 23885
0,0,1,1 23345
1,0,3,0 22652
0,4,0,0 20647
0,0,0,3 20308
0,1,3,0 19777
2,1,0,0 18923
7,0,0,0 18787
0,0,5,0 18319
5,0,1,0 17108
1,1,1,0 15642
0,3,1,0 14613
0,0,2,1 14549
1,0,4,0 14362
0,2,2,0 14180
2,0,0,1 12969
0,0,0,4 12672
3,0,2,0 12437
2,0,3,0 12435
0,1,4,0 12396
6,0,1,0 12143
8,0,0,0 11792
3,1,0,0 11427
1,2,0,0 11087
1,1,2,0 10771
0,0,6,0 10708
0,0,1,2 10690
1,0,1,1 10439
0,1,0,1 10207
1,0,5,0 10043
0,0,3,1 9855
7,0,1,0 9354
0,5,0,0 9211
2,0,4,0 9118
2,1,1,0 9103
1,1,3,0 9002
0,4,1,0 8960
0,1,5,0 8809
0,2,3,0 8800
4,1,0,0 8409
9,0,0,0 8324
0,3,2,0 8296
1,0,2,1 8271
3,0,0,1 8029
0,0,2,2 7883
0,0,0,5 7724
4,0,2,0 7541
1,1,4,0 7120
8,0,1,0 7043
0,0,4,1 6979
1,0,3,1 6877
2,1,2,0 6873
1,0,6,0 6835
2,2,0,0 6784
3,1,1,0 6736
2,0,1,1 6600
2,0,5,0 6455
0,1,1,1 6424
0,0,7,0 6256
0,1,6,0 6124
3,0,3,0 6065
1,2,1,0 5976
1,1,5,0 5918
1,0,4,1 5874
2,1,3,0 5847
5,0,2,0 5804
0,4,2,0 5703
9,0,1,0 5679
0,2,4,0 5563
1,0,0,2 5548
0,5,1,0 5508
10,0,0,0 5441
0,0,1,3 5439
5,1,0,0 5433
0,6,0,0 5421
4,0,0,1 5396
0,0,0,6 5376
0,1,2,1 5263
0,0,5,1 5233
0,3,3,0 5135
0,0,3,2 5123
2,0,2,1 5008
1,1,6,0 4989
2,0,6,0 4947
4,1,1,0 4943
6,0,2,0 4869
2,1,4,0 4862
1,3,0,0 4704
1,0,5,1 4564
3,1,2,0 4560
1,0,7,0 4530
0,0,4,2 4508
1,0,1,2 4497
0,1,7,0 4394
0,1,0,2 4385
1,0,2,2 4384
0,1,3,1 4359
2,1,5,0 4349
6,1,0,0 4346
2,2,1,0 4323
2,0,3,1 4321
3,2,0,0 4153
1,1,7,0 4130
3,0,1,1 4124
0,2,0,1 4075
0,2,5,0 4025
0,1,4,1 3987
1,0,6,1 3972
3,0,4,0 3958
0,0,8,0 3951
5,0,0,1 3946
1,2,2,0 3943
2,0,4,1 3901
7,0,2,0 3900
1,1,0,1 3890
2,1,6,0 3850
1,0,3,2 3843
5,1,1,0 3784
2,0,0,2 3734
1,1,4,1 3688
0,0,6,1 3650
0,5,2,0 3640
2,0,7,0 3578
1,1,5,1 3554
0,4,3,0 3539
0,0,0,7 3525
1,1,8,0 3502
2,2,2,0 3493
3,1,3,0 3484
0,0,5,2 3475
0,0,2,3 3458
1,1,6,1 3447
1,1,1,1 3415
0,0,1,4 3391
1,0,4,2 3358
0,6,1,0 3356
0,1,1,2 3351
1,1,3,1 3339
3,2,1,0 3337
7,1,0,0 3307
0,1,5,1 3283
4,2,0,0 3281
1,1,2,1 3267
2,0,5,1 3250
1,0,7,1 3227
2,1,7,0 3221
6,1,1,0 3215
0,2,1,1 3172
8,0,2,0 3157
1,2,3,0 3099
4,0,3,0 3099
2,0,6,1 3075
1,0,8,0 3036
0,1,8,0 3027
0,3,4,0 3024
1,3,1,0 3002
0,2,6,0 2944
0,1,2,2 2940
6,0,0,1 2922
2,3,0,0 2912
4,1,2,0 2888
2,0,2,2 2876
2,1,6,1 2851
3,1,4,0 2820
4,0,1,1 2817
0,7,0,0 2816
3,0,5,0 2805
1,0,5,2 2791
1,1,7,1 2771
0,6,2,0 2765
2,0,8,0 2729
0,1,6,1 2726
0,2,0,2 2725
1,4,0,0 2689
2,0,4,2 2683
2,0,7,1 2665
2,0,5,2 2636
1,1,5,2 2625
2,1,5,1 2622
0,0,6,2 2618
0,5,3,0 2609
1,0,0,3 2609
5,0,1,1 2600
7,1,1,0 2563
0,1,3,2 2561
2,0,3,2 2541
2,0,1,2 2538
2,1,4,1 2536
8,1,0,0 2523
2,3,1,0 2520
1,0,6,2 2518
1,1,6,2 2504
0,0,0,8 2496
0,0,7,1 2490
0,1,0,3 2482
4,2,1,0 2477
0,4,4,0 2430
3,0,2,1 2430
2,1,0,1 2425
0,1,4,2 2419
1,0,7,2 2418
3,0,6,0 2399
1,0,8,1 2372
1,2,4,0 2372
8,1,1,0 2353
1,1,4,2 2351
3,1,5,0 2350
5,2,0,0 2348
0,1,5,2 2342
2,2,3,0 2338
2,1,5,2 2312
0,2,2,1 2307
1,0,1,3 2270
2,0,6,2 2263
0,0,9,0 2262
0,1,7,1 2261
3,1,6,0 2258
1,4,1,0 2256
3,2,2,0 2246
0,3,5,0 2243
2,1,3,1 2231
1,0,9,0 2225
7,0,0,1 2225
0,7,1,0 2208
0,0,1,5 2205
1,3,2,0 2203
0,0,3,3 2202
0,0,2,4 2175
2,1,1,1 2162
5,0,3,0 2158
0,1,9,0 2140
0,2,7,0 2139
6,0,1,1 2130
3,0,3,1 2115
5,1,2,0 2115
1,2,5,0 2102
3,3,0,0 2044
1,0,2,3 2035
0,1,8,1 2033
0,1,6,2 2029
1,1,3,2 2025
0,5,4,0 2012
0,7,2,0 1988
5,2,1,0 1967
2,2,4,0 1955
6,1,2,0 1943
2,1,2,1 1899
0,2,3,1 1896
0,1,7,2 1894
0,0,4,3 1888
3,2,3,0 1884
9,1,0,0 1882
3,0,0,2 1862
3,3,1,0 1857
1,1,2,2 1856
2,1,4,2 1852
0,0,7,2 1846
3,0,4,1 1843
6,0,3,0 1838
0,0,8,1 1824
2,2,5,0 1820
1,5,0,0 1815
0,3,0,1 1801
0,2,1,2 1798
0,6,3,0 1786
1,2,6,0 1785
6,2,0,0 1771
7,0,3,0 1756
3,0,7,0 1753
2,2,6,0 1743
8,0,0,1 1734
2,4,0,0 1733
4,2,2,0 1733
0,1,1,3 1726
0,1,0,4 1719
0,2,4,1 1710
4,3,0,0 1698
2,3,2,0 1682
2,0,0,3 1677
1,0,3,3 1671
3,1,4,1 1654
1,0,0,4 1646
1,3,3,0 1644
4,1,3,0 1637
0,2,8,0 1635
1,5,1,0 1633
6,2,1,0 1626
1,1,1,2 1612
1,0,4,3 1610
7,1,2,0 1610
4,0,4,0 1609
4,3,1,0 1592
1,4,2,0 1588
0,0,0,9 1582
0,6,4,0 1581
1,2,7,0 1576
3,1,5,1 1567
0,8,0,0 1554
7,0,1,1 1552
2,4,1,0 1546
1,0,5,3 1542
1,1,0,2 1532
0,4,5,0 1528
3,3,2,0 1520
3,0,5,1 1515
2,1,3,2 1503
3,1,0,1 1494
3,0,6,1 1493
3,0,1,2 1490
0,3,1,1 1489
3,2,4,0 1479
0,0,8,2 1476
0,0,1,6 1475
4,0,2,1 1467
1,0,6,3 1464
5,2,2,0 1455
3,0,2,2 1451
0,2,2,2 1439
0,1,2,3 1437
0,0,3,4 1433
3,4,1,0 1419
5,3,1,0 1415
2,0,1,3 1414
3,0,3,2 1414
0,8,1,0 1399
0,2,5,1 1386
3,0,4,2 1385
0,2,0,3 1383
7,2,1,0 1378
0,8,2,0 1370
0,0,5,3 1366
3,1,3,1 1357
0,3,6,0 1350
3,1,1,1 1350
0,0,10,0 1342
3,0,5,2 1339
4,0,0,2 1335
4,3,2,0 1313
1,2,0,1 1310
3,1,2,1 1307
2,4,2,0 1303
7,2,0,0 1302
0,5,5,0 1301
0,1,3,3 1279
4,2,3,0 1264
5,3,0,0 1260
8,2,0,0 1253
2,0,3,3 1252
4,1,4,0 1250
0,2,4,2 1248
0,2,6,1 1242
0,7,3,0 1241
9,0,0,1 1240
1,1,5,3 1236
0,0,9,1 1234
0,1,5,3 1226
0,4,6,0 1225
2,0,4,3 1221
0,1,1,4 1218
6,2,2,0 1218
0,3,1,2 1217
8,0,1,1 1205
2,0,5,3 1195
2,1,2,2 1194
3,4,0,0 1185
3,2,5,0 1184
0,2,0,4 1183
3,1,4,2 1177
5,1,3,0 1176
1,2,2,1 1172
2,5,1,0 1170
0,3,2,1 1167
2,2,5,1 1167
0,1,4,3 1163
0,2,3,2 1163
0,0,4,4 1158
0,4,1,1 1156
1,2,5,1 1153
2,0,0,4 1141
1,2,4,1 1138
4,4,0,0 1137
1,4,3,0 1136
1,5,2,0 1134
2,1,1,2 1133
2,0,2,3 1130
5,2,3,0 1128
0,0,6,3 1127
1,2,3,1 1121
1,2,6,1 1117
0,0,1,7 1116
1,6,0,0 1108
5,3,2,0 1108
1,1,4,3 1107
0,1,0,5 1102
0,3,0,2 1097
0,1,6,3 1095
0,2,1,3 1094
0,2,5,2 1092
4,1,0,1 1077
4,2,4,0 1071
4,1,1,1 1068
1,1,3,3 1062
2,1,0,2 1061
1,2,1,1 1059
4,0,5,0 1057
6,1,3,0 1057
2,3,3,0 1047
0,2,6,2 1045
1,2,5,2 1044
0,0,2,5 1038
5,1,1,1 1026
1,1,1,3 1022
1,3,4,0 1016
0,0,0,10 1013
1,0,1,4 1010
3,4,2,0 1008
6,3,1,0 1002
4,4,1,0 1000
5,0,2,1 981
0,0,5,4 970
0,0,7,3 969
2,5,0,0 969
1,5,3,0 963
2,5,2,0 961
1,0,2,4 960
0,2,7,1 957
1,2,3,2 951
1,2,4,2 951
3,1,3,2 946
0,4,2,1 945
0,1,2,4 939
2,2,1,1 937
4,1,5,0 933
3,0,1,3 931
0,9,1,0 916
2,4,3,0 916
3,3,3,0 913
1,6,1,0 910
3,0,0,3 910
0,3,3,1 905
1,1,2,3 900
5,4,1,0 893
1,0,0,5 890
0,0,2,6 888
0,2,2,3 888
2,1,4,3 881
5,1,0,1 881
0,4,0,1 876
2,1,3,3 873
4,3,3,0 871
6,3,0,0 855
2,0,1,4 851
2,2,2,1 846
4,0,3,1 845
2,2,0,1 844
1,6,2,0 842
1,5,4,0 841
4,1,2,1 838
2,2,4,1 834
0,1,3,4 822
4,4,2,0 822
3,5,1,0 815
1,4,4,0 812
4,0,1,2 802
6,1,0,1 802
0,1,4,4 800
1,0,0,6 798
3,1,2,2 796
4,0,6,0 791
2,2,3,1 788
2,3,4,0 785
6,0,2,1 784
1,7,1,0 783
3,4,3,0 772
6,1,1,1 772
0,1,0,6 771
2,0,2,4 771
0,4,3,1 765
0,0,6,4 763
0,3,1,3 761
1,0,3,4 760
1,7,2,0 760
6,0,4,0 759
0,2,1,4 757
0,3,7,0 757
2,2,4,2 756
7,0,2,1 756
0,4,1,2 749
0,1,1,5 748
3,0,2,3 748
5,0,4,0 748
0,4,0,2 739
2,5,3,0 734
5,4,0,0 734
4,0,2,2 729
4,5,1,0 727
0,5,1,1 726
0,2,2,4 723
0,3,0,3 722
0,3,2,2 722
4,2,1,1 722
4,0,4,1 720
0,4,2,2 716
3,2,0,1 714
6,0,0,2 711
3,2,1,1 710
0,0,1,8 709
2,2,2,2 709
1,2,2,2 704
3,5,2,0 703
0,2,3,3 701
0,9,0,0 699
2,6,2,0 696
5,0,1,2 692
7,3,0,0 692
2,2,0,2 691
2,1,2,3 688
1,2,1,2 687
3,0,4,3 687
0,3,4,1 675
3,0,0,4 675
1,0,4,4 674
1,1,0,3 673
2,4,4,0 673
0,2,4,3 669
3,1,1,2 669
4,1,3,1 667
3,0,3,3 664
0,5,3,1 658
4,0,5,1 656
1,0,5,4 655
0,5,2,1 654
0,3,3,2 653
3,5,0,0 653
3,2,3,1 652
1,2,4,3 642
5,1,4,0 640
0,2,5,3 636
1,2,3,3 636
0,0,3,5 631
2,0,0,5 628
5,0,0,2 628
3,3,4,0 625
1,3,5,0 617
2,6,0,0 616
1,1,4,4 615
3,0,1,4 614
1,3,1,1 610
0,4,4,1 604
1,4,5,0 604
3,2,2,1 603
0,2,0,5 602
2,0,3,4 602
4,0,1,3 599
2,0,4,4 595
3,2,4,1 595
4,5,0,0 594
2,2,3,2 592
2,3,1,1 589
0,1,5,4 587
0,1,1,6 581
7,1,0,1 578
4,0,0,3 577
0,3,0,4 570
5,1,2,1 570
1,7,0,0 568
2,6,1,0 567
0,2,3,4 566
2,3,0,1 566
3,2,3,2 565
0,5,0,1 562
2,0,0,6 560
5,5,0,0 556
1,6,3,0 555
0,2,4,4 553
1,3,0,1 553
8,1,0,1 548
3,2,2,2 547
2,1,1,3 545
6,0,1,2 542
1,2,0,2 541
3,1,0,2 536
7,1,1,1 534
0,4,5,1 532
0,0,2,7 529
4,0,0,4 529
0,4,3,2 527
5,0,0,3 527
0,3,2,3 526
0,4,1,3 525
4,0,3,2 524
6,4,0,0 519
1,0,1,5 511
7,0,1,2 511
4,2,0,1 508
0,5,2,2 507
0,3,5,1 505
5,0,3,1 498
5,2,2,1 496
4,1,4,1 495
1,0,0,7 494
0,6,1,1 493
0,1,2,5 489
2,2,1,2 489
3,0,2,4 489
0,3,3,4 488
0,6,2,1 488
0,3,2,4 487
0,0,3,6 486
0,5,4,1 484
7,0,0,2 484
4,2,2,1 483
5,0,1,3 481
2,0,1,5 479
3,2,1,2 479
6,1,2,1 478
0,3,1,4 477
1,2,2,3 477
1,1,3,4 475
2,3,5,0 470
0,6,0,1 468
4,0,4,2 468
5,2,1,1 464
1,4,1,1 461
3,1,1,3 460
3,1,3,3 460
1,3,6,0 457
2,7,1,0 457
0,0,1,9 454
0,5,1,2 451
0,2,0,6 450
4,1,2,2 450
0,4,2,3 449
0,1,3,5 448
0,2,1,5 447
3,0,0,5 446
1,8,1,0 445
1,4,0,1 441
3,6,1,0 441
0,6,3,1 440
6,2,1,1 437
0,3,4,2 432
1,3,3,1 432
4,0,2,3 427
2,1,0,3 425
0,3,1,5 422
1,0,1,6 422
4,1,0,2 422
0,4,0,3 416
2,4,2,1 415
1,1,2,4 414
1,5,1,1 414
0,10,0,0 413
1,2,1,3 412
4,0,1,4 412
2,1,3,4 411
0,3,0,5 410
4,1,3,2 410
3,1,2,4 404
2,0,1,7 403
1,3,1,2 402
3,3,1,1 402
0,2,2,5 401
0,4,4,2 399
0,1,0,7 398
1,0,1,7 397
1,3,2,1 396
1,4,2,1 396
0,0,2,8 395
3,3,0,1 395
4,6,0,0 395
0,5,3,2 394
5,0,1,4 394
0,3,3,3 392
8,0,0,2 391
0,4,0,4 390
1,0,0,8 390
4,1,1,2 390
0,5,2,3 389
3,6,0,0 386
0,1,2,6 384
0,7,2,1 384
2,3,2,1 384
3,4,1,1 384
0,4,3,3 381
1,5,2,1 378
3,1,2,3 378
4,2,2,2 377
4,2,3,1 375
4,3,1,1 375
6,0,2,2 374
4,2,0,2 372
1,1,1,4 368
5,1,1,2 365
2,4,1,1 362
0,1,4,5 361
1,4,2,2 361
2,2,2,4 361
2,5,2,1 361
3,1,1,4 359
0,5,0,2 358
0,6,0,2 356
4,3,2,1 355
5,2,0,1 354
5,3,1,1 354
6,0,3,1 354
0,5,1,3 353
1,8,0,0 352
1,0,2,5 351
2,2,3,3 351
1,4,3,1 348
2,3,0,2 347
0,7,1,1 345
2,1,1,4 344
0,3,5,2 342
2,2,1,3 342
3,0,3,4 342
5,0,2,3 342
2,0,1,6 340
5,0,2,2 340
1,2,3,4 338
3,0,1,5 337
0,1,1,7 334
0,6,2,2 330
4,0,2,4 328
4,4,1,1 328
4,1,1,3 327
2,0,0,7 323
1,2,0,3 322
3,3,2,1 322
2,2,2,3 321
0,1,0,8 319
6,2,0,1 318
3,1,0,3 317
6,0,0,3 313
0,3,2,5 312
3,4,2,1 311
6,0,1,3 309
6,1,1,2 309
0,2,1,6 308
0,4,2,4 308
0,5,0,3 308
1,3,2,2 308
3,0,1,6 308
3,7,0,0 308
4,0,1,5 307
0,6,1,2 306
5,0,0,4 304
3,2,0,2 302
4,0,0,5 302
1,1,0,4 300
1,3,5,1 299
2,2,0,3 299
5,0,3,2 298
2,7,0,0 296
4,3,0,1 296
2,4,2,2 295
0,0,3,7 294
1,4,1,2 292
2,1,2,4 292
2,2,0,4 292
2,3,3,1 292
5,1,0,2 292
0,2,3,5 291
1,3,4,1 290
3,1,0,4 290
0,3,6,1 289
0,4,1,5 288
2,4,0,1 288
0,0,4,5 287
2,0,0,8 287
3,0,0,6 287
0,4,1,4 284
7,1,0,2 283
6,1,0,2 281
2,3,1,3 280
1,3,0,2 278
3,4,0,1 278
1,2,2,4 277
3,3,3,1 276
2,4,3,1 274
5,0,5,0 274
7,0,0,3 274
1,4,4,1 273
5,1,3,1 272
0,1,3,6 271
2,2,1,4 271
2,0,2,6 268
2,3,4,1 267
2,1,0,4 266
4,0,3,3 266
1,3,1,3 262
4,2,1,2 262
5,2,1,2 262
0,3,4,3 260
2,3,1,2 260
0,7,1,2 259
3,4,1,2 258
1,0,2,6 257
3,0,2,5 257
0,2,2,6 255
0,3,1,6 255
1,5,0,1 255
2,8,0,0 253
1,6,2,1 252
4,1,2,3 252
5,3,0,1 252
7,2,0,1 252
5,0,4,1 251
1,0,1,8 250
5,0,0,5 248
0,1,2,7 247
3,3,0,2 245
0,0,4,6 244
0,5,1,4 244
2,3,2,2 244
0,7,0,1 242
3,2,2,3 242
3,3,1,2 242
1,0,3,5 241
1,6,1,1 240
6,0,0,4 237
0,1,1,8 233
2,0,2,5 233
5,4,0,1 232
1,3,3,2 231
3,3,2,2 231
5,1,2,2 231
0,3,0,6 230
1,4,0,2 230
3,2,1,3 230
3,2,0,3 229
1,5,3,1 228
0,2,1,7 227
6,3,0,1 227
2,3,1,4 226
2,3,3,2 226
2,4,0,2 226
4,1,0,4 225
4,3,1,2 223
1,0,0,9 222
1,1,2,5 222
2,5,1,1 222
4,4,0,1 221
5,1,1,3 220
5,2,0,2 220
1,2,1,4 218
2,6,1,1 218
1,1,2,6 217
4,0,0,6 216
0,2,0,7 215
0,6,1,3 214
1,1,0,5 213
3,2,1,4 212
0,1,0,9 211
4,2,0,3 211
1,3,3,3 209
6,2,0,2 209
1,4,3,2 206
1,6,0,1 205
0,6,0,3 204
0,8,1,1 204
1,2,0,4 204
0,4,0,5 203
0,3,0,7 200
0,6,0,4 199
1,1,3,5 199
3,3,0,3 199
4,1,0,3 199
1,5,2,2 194
1,5,1,2 193
2,0,3,5 193
1,3,4,2 190
3,4,0,2 190
0,5,0,4 189
2,5,0,1 189
3,1,1,5 188
0,0,5,5 187
3,3,1,3 187
4,1,1,4 187
1,3,2,4 186
4,2,0,4 186
1,4,2,3 184
1,1,1,5 180
3,5,1,1 180
5,1,0,3 180
1,4,1,3 179
1,0,2,7 178
1,3,2,3 178
2,1,1,5 173
2,4,1,2 171
3,0,0,7 170
4,2,1,3 170
1,2,0,5 169
2,3,0,3 168
0,7,0,3 166
1,4,1,4 166
3,2,0,4 165
1,9,0,0 164
1,0,3,6 163
1,1,0,6 163
1,1,1,6 163
1,3,0,3 163
1,5,1,3 161
1,2,1,5 159
2,1,1,6 155
0,2,0,8 154
1,3,0,4 154
1,3,1,4 149
4,4,0,2 144
0,4,0,6 142
2,4,1,3 141
0,7,0,2 137
1,5,0,2 136
0,8,0,2 134
4,3,0,2 134
2,1,0,5 133
1,3,1,5 130
6,1,0,3 130
1,1,1,7 129
1,2,0,6 127
3,5,0,1 127
2,6,0,1 125
2,1,2,5 124
2,5,0,2 124
1,0,4,5 123
2,5,1,2 123
1,6,1,2 121
2,3,2,3 121
0,8,0,1 120
1,2,1,6 119
1,7,1,1 119
1,4,0,3 118
4,1,0,5 117
1,6,0,2 116
0,5,0,5 115
2,4,0,3 113
3,6,0,1 113
1,7,0,1 110
2,1,0,6 109
1,2,2,5 108
1,5,0,3 108
3,1,0,5 107
3,5,0,2 106
1,4,0,4 105
5,1,0,4 105
5,3,0,2 105
3,4,0,3 103
2,4,0,4 99
2,5,0,3 98
0,9,0,1 97
4,5,0,1 97
1,1,0,7 96
2,2,1,5 95
5,2,0,3 94
1,3,0,5 93
2,3,0,4 91
2,2,0,5 89
2,6,0,2 89
3,1,0,6 86
4,3,0,3 85
1,6,0,3 77
3,3,0,4 77
2,7,0,1 76
2,2,0,6 69
2,1,0,7 66
1,3,0,6 65
3,2,0,5 64
1,5,0,4 62
1,1,0,8 61
1,4,0,5 60
2,3,0,5 54
1,8,0,1 52
1,2,0,7 47
1,7,0,2 31
